{"ind": ["1","2","3","4","5","6"],"vars": ["Ulrich","Joachim","Ralf","Michaela","Dietmar","Philipp"],"corr": [[1,0.892,0.7577,0.3582,0.0833,-0.1659],[0.892,1,0.9674,0.663,0.4819,0.2655],[0.7577,0.9674,1,0.7197,0.6374,0.4636],[0.3582,0.663,0.7197,1,0.89,0.7112],[0.0833,0.4819,0.6374,0.89,1,0.8995],[-0.1659,0.2655,0.4636,0.7112,0.8995,1]],"dat": [[66,49.1,71.7,16,73.6,30.2],[73.9,55.7,64.8,27.3,58,45.5],[71,59,63,40,56,56],[81.1,68.9,67.6,54.1,47.3,51.7],[74.1,68.5,67.6,57.4,48.1,63.9],[67.1,68.4,56.6,53.9,44.7,63.2]]}